726864629543596708520542028625159651930286643339905290787659812429736769250214182649193036969404022407436061281060004234459089246512746364701434768304804384404409236307779050060
1556971113093745073504466392298923532263094862637066872369500933914213726644689884699270583503882886572734751452362500676624920887549699172877818486362320911519058156574182982519
6081634729313558015470751772161175276131733565056521510490336028504382617076907679732209576413370741643791795043118168123650055540213667388703886072218102707586617306818633436613
3135361852678810510380316040290807248770022765863956780015931638357454436435392028287436083199651998803821509743151969542267596429467922994896320179031671938537819662599229410052
1706382929135096942122376853864612144290560222756461016610864731833309309919984091702003315596235942580467413876008364590173911539181594295232260266587625302027040433709039246499
2647729664736096453593626953751243221876153469150602229389064535141740036368799651508703758266930921218325474249494724215670666363835781663046576619091560796726326070960257663978
2003457083405735774078553744801267270211571067767492507454855411860907546975955543391510419352773459165780274366969765307843051728067296769882829728039625317516117499947243285532
6120932377402459730755135446328380694877489916732601464102818513124282986511275207907690401926374945107559638980821475965956253458419218990761787735881749975235719845591192931660
4664604964928574818981532204158575092183183493052514907651504201811973019523996542678440230031652090627900427521008342714306588055839497828512132724513709307685790207430185662873
6259681405845302316545617899238744699001260464303229343948629549590513474018901517649636948039871975136502578575550980727342889759122294732525447723273224727378722137809575514859
4478806868311366044506814048182732000920143681711704516568259779139645834274234623181444381186722505761962600912399777300604529127376871018558632146197327331913219629049832095970
5393168497036298725373949226819708809211280533122690864629325383082286293173998572652060602590690977258042609487916018129032105389748830052901940078089811796591436058577119256644
2715605999221850035641439938225415887694167432049671572800697900477900688683211596614841046552287376536016302954114247178936292799829282274612203634759211750945029922026045052887
2673703769430163286552140936147657550691762313651213126357371928334875371903150331049948816756834943331131850852312347455418153539097154845574134466438202449754413615167297164664
254068524604059726692154523106464309725422131802544190009953126355699256277681414562541629762843226498806798066606087257587082291492122322056791578163065321187473434752363040102
4258481700640697104621848330761012928612919683738790727500576627386628414487158238674149766828941633286299829219030101057044183123244741444875295510921033089750382481365756149130
6456543895514908925995943799422563836871175124495987235795814907759715970413999953822873687166490259704504345452384928203943259601996351999473463485719439014093805490761481077400
3071761605402622535650284888753075917533294243892865958126775222336752824337310034952315026762561831278228335228564241582643160220747864418165864778253989386130780333748575999685
6422540432769138547397333005667329477458068497476989300816509183681331871321094326953639637184175090412324376104814698178702566090040548884157493274282466796803055884207714925099
2373253342638412076986821649604196764302556295463535255290762012939064570971334609615521036987737486041105324532212496834070278309204736962096607400698154690293601735099847941489
